2 500
0.383233168407936 0.146867661367985
0.935429974196648 0.875029236625541
0.937950372475792 0.879750901227477
0.90932981652123 0.826880715214534
0.906150928732346 0.821109505642494
0.932955651620233 0.870406247890135
0.947769286060198 0.898266619599057
0.925971363493326 0.857422966009689
0.350682531517338 0.122978237911409
0.930519458871673 0.865866463338832
0.464038271998817 0.215331517879648
0.655550211151554 0.429746079340847
0.313834928687323 0.098492362464177
0.8103324086744 0.656638612548055
0.859181602096016 0.738193025380276
0.48642465327443 0.23660894331315
0.968893597190353 0.938754802676462
0.669405911109325 0.448104273828106
0.661003232882781 0.436925273881489
0.173462957516313 0.030089397630306
0.772850634437054 0.597298103149758
0.207421917967837 0.043023852053456
0.551849593823268 0.304537974202905
0.513295727604153 0.263472503976677
0.321865904221142 0.103597660300093
0.425144175228409 0.180747569730644
0.781545875585553 0.610813955644789
0.15213343242014 0.023144581259933
0.83677133324302 0.700186264137302
0.827450430435552 0.68467421482798
0.772665761191059 0.597012378516959
0.419669524377043 0.176122509690853
0.553854801387272 0.306755141019735
0.720319427372041 0.518860077449585
0.22680845589123 0.051442075663764
0.379871394265104 0.144302276180914
0.769261100701988 0.591762641053234
0.988698160098019 0.977524051781208
0.216923199119893 0.047055674316409
0.977844248263335 0.956179373861686
0.969387509089641 0.939712142779018
0.71403494307094 0.50984589992632
0.531775015736507 0.282784667361562
0.74775949195874 0.559144257814393
1.00634281302548 1.01272585732804
0.542651316565885 0.294470451370688
0.94285059732131 0.888967248869151
0.521500966926529 0.271963258505304
0.844861078617925 0.713790242163444
0.513466671227731 0.263648022461687
0.547840259876102 0.300128950341115
0.84402529195967 0.712378693467607
0.159175311630084 0.025336779832534
0.271596410641955 0.073764610273593
0.477723473462869 0.228219717097428
0.645761639844965 0.417008095495258
0.384081416797232 0.147518534728969
0.105141285205768 0.011054689854721
0.364033429874954 0.132520338066523
0.631094859946858 0.398280722251344
0.293246631163426 0.085993586688699
0.248343555840918 0.061674521727711
0.189435097973116 0.035885656344084
0.534627350927754 0.285826404360028
0.940212518814951 0.883999580536355
0.847978105421432 0.719066867274121
0.925572140853513 0.856683787924156
0.710364489469 0.504617707898553
0.919502345455641 0.845484563298425
0.431119259142063 0.185863815603201
0.505111282598227 0.255137407808026
0.404334866179323 0.163486684008251
0.476069250262596 0.226641931045591
0.675256098527461 0.455970798598528
0.109581401986493 0.012008083661326
0.614158928047188 0.377191188900071
0.637556330673397 0.406478074781725
0.998504328744655 0.997010894521814
0.995970684095201 0.991957603577063
0.896482167630033 0.803680276878642
0.900225192215294 0.810405396699062
0.706399424035441 0.499000146277602
0.596525334786962 0.355842475042697
0.930197995528579 0.865268310885386
0.784069894169542 0.614765598943037
0.674054796756668 0.454349869030674
0.547393895804205 0.299640077163705
0.769418240431696 0.592004428709007
0.865360229944979 0.748848327570428
0.508215069169687 0.258282556531149
0.862623966967856 0.744120108387361
0.833668197962371 0.695002664293826
0.330233795432882 0.109054359646006
0.597554626781493 0.35707153198797
0.734716719346629 0.539808657687473
0.243418146762997 0.059252394173532
0.397295147849416 0.157843434504689
0.500091506202113 0.250091514575498
0.953890022897923 0.909906175784201
0.655826787074858 0.430108774644932
0.635308803558688 0.403617275879172
0.395913544991477 0.156747535107718
0.314180560486222 0.098709424587437
0.384833749121224 0.148097014462697
0.842711358576674 0.710162433874144
0.778457613314756 0.605996255727706
0.761205454221503 0.579433743536565
0.16823449247432 0.028302844458092
0.411379009984772 0.169232689856051
0.953600312363018 0.909353555738845
0.964906911526553 0.93104534791171
0.226325413796373 0.0512231929301
0.264877438748425 0.070160057557926
0.372470387333835 0.138734189440617
0.578817950299179 0.335030219588543
0.737314092494886 0.543632070991557
0.888659191140058 0.789715157997703
0.607493701509454 0.369048597373657
0.491439861321652 0.241513137295845
0.781167564524168 0.610222763864621
0.434594034886157 0.18887197515863
0.227985420721498 0.051977352061559
0.288158466904001 0.083035302048464
0.839769877400249 0.705213446988829
0.366275834292173 0.134157986786428
0.264648346941579 0.070038747538911
0.519036875775253 0.269399278414536
0.89086014831608 0.793631803857748
0.58117021754892 0.337758821765859
0.402373983854936 0.161904822883292
0.902879305344752 0.815191040019822
0.510073467699641 0.260174942451137
0.476453735780987 0.227008162339658
0.395451924585822 0.156382224658631
0.635598578439517 0.403985552914335
0.496406349133361 0.246419263459913
0.534534256346524 0.285726871207931
0.942950414358215 0.889155483938329
0.59500855109231 0.35403517587297
0.210133243089711 0.0441559798514
0.301919918287207 0.091155637058554
0.50848849828101 0.258560552884077
0.233652636696669 0.054593554635306
0.109810814464634 0.012058414973386
0.407177765379575 0.165793732619504
0.248436551363292 0.061720720053286
0.987893317267299 0.975933206301387
0.141232854551212 0.019946719204684
0.761688162098554 0.580168856281073
0.794065084045922 0.630539357700857
0.405738796437667 0.164623970934687
0.83314827253026 0.694136044020157
0.621914325654507 0.3867774284543
0.685340922910043 0.469692180615189
0.398445015002719 0.158758429980517
0.222343883426352 0.049436802497111
0.627929156933996 0.394295026127839
0.429615990631282 0.184569899406098
0.131304568348622 0.017240889669218
0.880543700834228 0.775357209078839
0.930744554034688 0.866285424865231
0.269483215167102 0.072621203256799
0.322642698579214 0.104098310946477
0.621273874381388 0.38598122698886
0.254593230690807 0.064817713113583
0.71353703495115 0.509135100246879
0.689791984424334 0.47581298177606
0.429167871862989 0.184185062239407
0.35999348779971 0.1295953112582
0.133364548898217 0.017786102902825
0.171763789535246 0.029502799395508
0.834182957729155 0.695861206965762
0.765729713033546 0.586341993422437
0.419865349553187 0.17628691175542
0.53034671001475 0.281267632823469
0.66720622328364 0.445164144388419
0.193040883922103 0.037264782865427
0.522649877780879 0.273162894744368
0.819404971989041 0.671424508120361
1.00378655353561 1.0075874450589
0.260820081576028 0.068027114953326
0.913969324173575 0.835339925530301
0.665683172423054 0.443134086047221
0.189759049005806 0.036008496679588
0.652892630750483 0.426268787288286
0.271696097928692 0.073818769629677
0.789721156589009 0.623659505164283
0.103931722815403 0.010801803007378
0.148895933538337 0.022169999024253
0.427891378705813 0.183091031970762
0.587440356942402 0.345086172964616
0.666281912933019 0.443931587501683
0.590450182802636 0.348631418371667
0.209943688466129 0.044076352326763
0.95300161587921 0.908212079868386
0.33269849088551 0.110688285837496
0.134121989103203 0.017988707961
0.976756288238208 0.954052846612882
0.74704655690796 0.558078558188038
0.631658284916458 0.398992188903601
0.475516042536633 0.226115506709701
0.895345574575053 0.801643697911132
0.448677918611264 0.201311874649336
0.802461583793841 0.643944593464919
0.201586507252333 0.040637119906195
0.876443464935503 0.768153147228151
0.746120508159087 0.556695812695575
0.385891104828228 0.14891194478555
0.77519896092232 0.600933429015044
0.707760515571995 0.500924947402736
0.212571360501037 0.045186583305262
0.664675822811709 0.441793949430423
0.180724109218202 0.032661203652713
0.145942094346339 0.021299094902196
0.626012904434041 0.391892156517944
0.373302787787874 0.139354971370198
0.37518930463967 0.140767014315999
0.314885192584585 0.099152684509031
0.466951398212801 0.21804360829289
0.280725187528878 0.078806630913124
0.485217107409103 0.235435641322457
1.00873506787995 1.01754643717077
0.719562271432104 0.51776986246853
0.944373749992387 0.891841779674683
0.375174433534796 0.140755855578155
0.607015750574117 0.368468121445059
0.223345488047397 0.04988320703113
0.787940886286511 0.620850840281972
0.334284012536095 0.111745801037232
0.960696594569493 0.922937946817421
0.19095835478299 0.036465093261427
0.460871637663381 0.212402666402526
0.915841486169533 0.838765627789219
0.721794085018337 0.520986701167458
0.751800949338146 0.565204667425738
0.531738473178649 0.282745803858361
0.155324660233137 0.02412575007654
0.3231673409485 0.104437130255724
0.970661737862974 0.942184209351169
0.548880305894735 0.301269590199098
0.230816166797145 0.053276102854927
0.204437153786421 0.041794549848293
0.905001286789775 0.819027329091148
0.81270169372755 0.660484042987629
0.570055918928913 0.324963750705887
0.360126650841399 0.129691204646243
0.664095450946214 0.441022767967456
0.546800719946623 0.298991027334145
0.319064962584525 0.101802450349065
0.425192512351681 0.180788672559934
0.371981524896215 0.138370254864114
0.15668360972777 0.024549753557324
0.889402177642015 0.791036233594358
0.39164141213352 0.153382995697938
0.490655179719695 0.240742505385766
0.898290477515283 0.806925781994635
0.976351457131518 0.953262167842839
0.905892027618194 0.820640365702203
0.266816205759956 0.071190887656139
0.982774241776629 0.965845210299628
0.283080575555902 0.080134612257061
0.410946288941936 0.168876852395149
0.236795400599526 0.05607206174509
0.633008311917497 0.40069952295664
0.276794581665573 0.07661524043942
0.582033513571051 0.338763010919863
0.981869966926222 0.964068631951701
0.796257104758512 0.634025376878408
0.865827350233766 0.749657000412825
0.336684608442539 0.113356525562106
0.207033996715803 0.042863075796119
0.700987114858898 0.491382935198202
0.722012161184102 0.521301560897738
0.221492173268714 0.049058782819298
0.389085257840766 0.151387337869015
0.534954675888135 0.286176505254579
0.725793763267046 0.52677658679734
0.577225139144469 0.333188861260352
0.570336632887748 0.325283874813734
0.281661675345491 0.079333299358429
0.456436572884294 0.208334345066359
0.210198879953135 0.044183569133553
0.994193942870267 0.988421596039928
0.153296117747033 0.023499699716312
0.10132522249425 0.010266800713509
0.870889596632597 0.758448689522888
0.850314069022848 0.723034015978192
0.224769961376759 0.05052153553731
0.819536543950777 0.671640146870784
0.574692627745257 0.330271616384749
0.502884410948239 0.252892730774757
0.152875616079704 0.023370953991749
0.183156967196952 0.033546474632786
0.446934510691261 0.199750456846837
0.975089564572342 0.95079965893788
0.700535397587175 0.490749843272621
0.744014704422179 0.553557880396422
0.286698816462674 0.082196211361098
0.55711822617291 0.31038071793405
0.252983026875352 0.064000411887015
0.334734695616432 0.112047316449426
0.940902041686191 0.885296652049242
0.548861878407611 0.301249361569131
0.645456365004859 0.416613919125286
0.819254280609841 0.671177576297547
0.236219524270432 0.055799663646549
0.455790562038733 0.207745036443584
0.526960424520075 0.277687289010378
0.120453760569746 0.014509108435394
0.674872266204858 0.455452575692481
0.658514112013985 0.433640835721567
0.876622214100578 0.768466506254599
0.831433672322468 0.691281951471626
0.894849985871803 0.800756497214765
0.348020070562647 0.12111796951443
0.578275465482677 0.334402513979206
0.988815658717332 0.97775640692459
0.931487050745636 0.867668125706803
1.00346098327163 1.00693394494846
0.534495952319015 0.285685923045411
0.500327062022618 0.250327168992185
0.657837593157522 0.432750298971281
0.15948069780557 0.025434092972552
0.622143745117567 0.387062839588912
0.918647525738925 0.843913276546248
0.989073287729512 0.978265968500067
0.544075210146945 0.296017834296442
0.718494972586632 0.516235025632265
0.418927166729488 0.175499971023996
0.598529278080572 0.35823729671965
0.309707536903972 0.095918758415125
0.361432504366067 0.130633455212327
0.376235491884026 0.141553145353215
0.832194840781052 0.6925482530226
0.458733677686277 0.210436587043577
0.739232131229205 0.546464143841673
0.85310470726849 0.727787641563656
0.398609315121377 0.158889386101533
0.16783817556094 0.028169653175625
0.664687812531536 0.441809888127959
0.431995945889503 0.186620497264966
0.934021518557248 0.872396197127987
0.191646796896715 0.036728494760771
0.216309939925982 0.046789990110782
0.975009817960249 0.950644145118877
0.763270590064878 0.582581993657987
0.150290490246632 0.022587231458573
0.872837783548642 0.761845796390106
0.459574381516061 0.21120861214587
0.51319529843432 0.263369414335091
0.715027212453159 0.511263914548535
0.739247930693355 0.546487503034408
0.724667195264589 0.525142543892645
0.38979690046981 0.151941623615871
0.812848553772677 0.660722771370333
0.869689786247909 0.756360324303934
0.197808129873804 0.039128056244172
0.321860224211758 0.103594003929643
0.834239297876642 0.695955206121713
0.9738208507103 0.948327049278132
0.144662690806118 0.020927294111267
0.112249102900651 0.012599861102001
0.221262354818596 0.04895702965987
0.557965023603968 0.311324967565376
0.589809579977935 0.347875340633748
0.854907202102583 0.730866324206866
0.632505112403834 0.400062717216987
0.500148356248709 0.250148378258286
0.618222059631212 0.382198515014658
0.331234076940878 0.109716013726875
0.566902637007562 0.321378599846127
0.575673561026765 0.331400048865237
0.185823501417921 0.034530373679216
0.738658339792693 0.545616142945298
0.402237730515613 0.161795191850351
0.427610351695595 0.18285061287723
0.2693977040916 0.072575122969826
0.240359527643093 0.057772702528811
0.945123234162615 0.893257927754001
0.665632780463519 0.443066998427596
0.562097286839377 0.315953359872189
0.640694258260456 0.410489132567916
0.952718623566695 0.907672775690818
0.695153188332915 0.483237955249418
0.322401183352552 0.103942523027126
0.837785749687729 0.701884962379829
0.500113266765733 0.250113279595093
0.766375263932754 0.587331045167998
0.458545253137973 0.210263749175368
0.635381301941181 0.40370939885647
0.443217390631749 0.196441655358416
0.557098202525892 0.31035840725758
0.302254851306365 0.091357995138233
0.121882042373446 0.014855232253123
0.10215680423108 0.010436012650707
0.359872072545642 0.129507908598296
0.448261569795961 0.200938434955939
0.759704994706606 0.577151678982165
0.997400672547519 0.994808101598243
0.280635972117836 0.078756548846523
0.1213419360278 0.014723865438975
0.747264413154599 0.558404103167288
0.420191854103045 0.176561194254555
0.939339421469379 0.882358548726428
0.947506556363607 0.897768674352021
0.560329050494527 0.313968644828098
0.992015259543603 0.984094275167362
0.143351117690856 0.020549542943218
0.892331700636582 0.796255863960974
0.197661832220514 0.039070199916771
0.822554145931182 0.676595322988575
0.513891022643921 0.264083983154015
0.230418331192976 0.053092607349756
0.543388031880287 0.295270553190731
0.252455808340826 0.06373393516502
0.951458658845248 0.905273579491599
0.523284374939447 0.273826537055768
0.874494833312929 0.764741213491007
0.132275041819296 0.017496686688297
0.222312748042697 0.049422957942296
0.778123983512209 0.605476933716909
0.827522597775202 0.684793649828619
0.926776102820242 0.858913944758676
0.182214432345195 0.033202099354882
0.86563554011624 0.749324888312334
0.826602602834729 0.683271863013148
0.364057939321819 0.132538183183249
0.176747446278618 0.031239659766013
0.762347584200854 0.581173839136878
0.619032953095368 0.383201797017972
0.53280493108217 0.283881094585476
0.726163870434869 0.52731396672495
0.968801431180063 0.938576213056538
0.115279994430867 0.013289477115981
0.433297840869901 0.187747018902518
0.974919984066351 0.950468975331934
0.245575243725695 0.060307200330935
0.860914801238951 0.741174294992303
0.112210280084136 0.01259114695656
0.357579658222808 0.12786321197474
0.777099331409078 0.603883370876436
0.273603550065309 0.07485890260834
0.709690341040153 0.503660380165689
0.357629189132289 0.127898636919419
0.537880150592801 0.289315056401735
0.77611958895048 0.602361616352661
0.380759699684991 0.144977948904205
0.118797068094665 0.014112743387889
0.589223534876311 0.347184374052136
0.336728999298066 0.113386418968277
0.808982402628118 0.654452527761963
0.825792406380854 0.681933098436281
0.79958584933457 0.639337530456086
0.512860820281573 0.263026220979888
0.649809068483724 0.422251825483685
0.865792737841945 0.74959706489985
0.800250828257677 0.640401388127098
0.701656820032407 0.492322293097989
0.80556152315641 0.648929367590075
0.119311259119687 0.014235176552725
0.854521959461272 0.730207779201531
0.343192963852462 0.117781410437838
0.58929494551637 0.347268532811141
0.582233990703455 0.338996419930471
0.414944771711122 0.172179163570395
0.110585445614362 0.012229140781727
0.307298873415725 0.094432597602574
0.878741225473244 0.772186141346219
0.119117126198993 0.014188889753907
0.471516465040093 0.222327776803905
0.975812146431682 0.952209345123606
0.930767729785293 0.866328566809669
0.343348001756451 0.117887850310148
0.711739946232939 0.506573751063667
0.682760275680233 0.466161594046948
0.169308801427145 0.028665470240696
0.306264594188807 0.093798001653635
0.895624904884872 0.802143970250036
0.347318112841723 0.120629871507936
0.69387212047692 0.481458519575138
0.617265427730639 0.381016608271489
0.890078230413862 0.792239256256672
0.817472630468282 0.668261501564732
0.260424242812124 0.067820786244268
0.574529039876705 0.330083617661648
0.117457188276405 0.013796191077799
0.974680400487374 0.950001883094228
0.220176007251509 0.048477474169217
0.582895362656563 0.339767003806527
0.306727119670673 0.094081525941467
0.379466266193512 0.143994647178845
0.435038530386307 0.189258522920678
0.392941632214934 0.154403126327736
0.756555226199668 0.57237581029003
0.73793657453392 0.544550388034856
0.537418792862445 0.288818958921728
0.431905846780335 0.186542660483039
0.742921653660861 0.551932583478188
0.423845059399239 0.179644634377144
0.91210704583844 0.831939263068126
