Ala ma kota, a kot ma Alê
0.060876133367719236
0.013948051850122456
0.02131306496507944
0.015778199749893175
0.01889003763207846
0.019203307822403034
0.014283866490625298
0.019065700295094398
0.01613973937053877
0.017759510990339497
0.018621391472514667
0.01658458955914599
0.016107968341662678
0.013039889418794165
0.018447619883506294
0.01546765497220429
0.015690557832232856
0.0155458033218932
0.016380938236607006
0.014040034384008365
0.01694852735265565
0.014425327914643633
0.013855196560247286
0.012614447623859798
0.01415018818476653
0.013811240144250822
0.014137270947401944
0.014930208480855928
0.01599535137852021
0.015968141198187947
0.014668880723216648
0.012482936436700317
0.012445445475452647
0.013736574722076263
0.016919011200476265
0.01706642701984633
0.016712072119499283
0.016436426377704382
0.0161886384413016
0.01609517773007338
0.017171538878080476
0.017367809118486073
0.017306737944755273
0.014877711582889148
0.015998331192502647
0.01261018249888793
0.011993700734570794
0.01502143029220674
0.013294893693522948
0.013302160554907735
0.01381022793593188
0.015896702709924167
0.015589650508539003
0.014021081032992587
0.01523933510997296
0.015056537609094995
0.015645608119941187
0.01606093190834725
0.011762308096354413
0.012683488353570051
0.011446271811238983
0.012920618483977478
0.01204743531933756
0.012547935485141468
0.009581455548665732
0.012033233505915649
0.01287769495099644
0.012887266343823395
0.013283251615652763
0.014018222664916766
0.011991908345366507
0.013175801552544603
0.009524400129485456
0.0116143926268334
0.012986184862063533
0.013150701829515133
0.01077069093997597
0.009491788366670646
0.011872279311178978
0.009760097183739921
0.011125277458901489
0.008226330383148205
0.010437638196855548
0.009772848461649454
0.009603772074924855
0.010629060547639681
0.009780010858094936
0.01061934288396553
0.011095723147420607
0.009112461979585129
0.01142272674132883
0.00914766989913446
0.008712783878321986
0.00949119489652076
0.011236806444584076
0.009146196263112544
0.0133780235202031
0.008094884979547589
0.008063446360695899
0.009327456483760177
0.009820396728915581
0.010156072081068664
0.01156308166166194
0.008574962200109896
0.0090957596785945
0.010578130279323897
0.009950325085988249
0.011113532570267511
0.012225728108188566
0.006791270348321522
0.00774863739718095
0.007746979091395006
0.007744148265148671
0.007734485229334238
0.007719826002619898
0.007708915271413061
0.007707316651750245
0.007708252026266698
0.00770803353201765
0.008261483863857284
0.008301707871298244
0.008987744799594436
0.010475668434067118
0.011772730627983652
0.00964948296598697
0.009685850139705288
0.009785583611690053
0.010722782568929501
0.009035310102487676
0.009039696870443325
0.008985397394410989
0.009287349956513388
0.009710578709395457
0.007526094960834918
0.009005302593767436
0.009679388595898742
0.009079727128076623
0.009800653205389807
0.00907521702406486
0.010419598017725875
0.009052020880681163
0.008429984396545204
0.009551799076448188
0.009086634691875683
0.00888782331645344
0.009441580502884156
0.009364746885473308
0.009457760783159323
0.008378890110195799
0.009649049087439191
0.00993558054247473
0.009828745051013674
0.007365605654374056
0.009699289061507244
0.007088689425830313
0.01001158394894575
0.006980428051102668
0.008096997532915814
0.010011161739104626
0.009931284159149928
0.010125655459379554
0.010155513061034988
0.010148140892064816
0.010117230950712519
0.010036651854430902
0.00839708182823943
0.009384099572846206
0.008231826756039874
0.009957249262093472
0.008191268862847293
0.009803261942940364
0.009497086813447029
0.009477889037573954
0.009468589458593822
0.009424852632418329
0.009377419162642836
0.009377717750183845
0.009398228200943952
0.009407895989034664
0.009441667514490095
0.009463791030225897
0.009493118630064083
0.008215067929765934
0.00952621669238325
0.009011978823612293
0.008740949974910647
0.006963872126503137
0.006686700513776594
0.008611730890861606
0.008130347690982346
0.008301740008315439
0.00934954809896782
0.009044111452403265
0.00968685226280041
0.008940833527472441
0.009586656731682703
0.006841985076642478
0.009445297165518651
0.008736242831141805
0.007594648110008341
0.009953728940597333
0.007447423650595432
0.006729472040417928
0.007560148514392261
0.007988364497695253
0.009045063050462548
0.008922527597387151
0.010060756733840234
0.009853567314193495
0.010054432103224794
0.008439397595372888
0.008358641363243755
0.007285470579375181
0.01029584113469466
0.008607021379088859
0.008555543181074066
0.008577303416025814
0.007393659540101611
0.0073881218907973275
0.007150192048341314
0.008727049800537665
0.009189135239054244
0.011256797961258124
0.009557106051980797
0.0095207425579608
0.009455672440734973
0.009411200545594679
0.010135236241435908
0.007761483210992713
0.007332834938936598
0.007358598775430252
0.007342794121820056
0.006944313445273698
0.007412060802123346
0.0085349973419613
0.007379506484287017
0.007444295140689382
0.010925730166748865
0.008654646689123243
0.008476315222799726
0.0077838960538781695
0.006948910826770808
0.009197492397505998
0.00848338629981911
0.008163471381572848
0.007789996432047761
0.007647244792837714
0.01024831889509585
0.008487543409883943
0.006525497476314951
0.009920685347779904
0.009137483256948081
0.007978921582199507
0.007793892719730904
0.006380960281438296
0.00881517151991568
0.010656447745147136
0.006292002950214414
0.006487968115851729
0.006408554605181905
0.0063650666692096165
0.006338101656192099
0.00632241379299722
0.006310565084288647
0.006300280533593254
0.006290682532915451
0.006281506107782969
0.006272775348610852
0.006264566956828717
0.006256910052775808
0.006249852793390943
0.006243524348852981
0.006238099644711892
0.006233713091946546
0.00623040340035567
0.006228122577177709
0.006226773151195867
0.006226234357361417
0.006226372506854432
0.006227045634244757
0.006228108865072494
0.006229421456480967
0.006230853982971629
0.006232293945007277
0.006233648923368176
0.006234847349241083
0.006235837515078586
0.006236585558411546
0.006237072993830926
0.006237294147528535
0.006237253675593299
0.006236964247806301
0.006236444435609372
0.006235716829365334
0.006234806405628966
0.006233739159411499
0.006232541006510664
0.006231236948339146
0.006229850479112578
0.006228403205271489
0.006226914641004046
0.006225402141976475
0.0062238809411775025
0.006222364255069795
0.00622086343379073
0.0062193881349850155
0.00621794650628357
0.006216545366052348
0.006215190375747129
0.006213886199968646
0.0062126366523230885
0.006211444826529991
0.006210313213095197
0.006209243802382471
0.006208238175184926
0.0062072975820126304
0.006206423012317142
0.006205615254824597
0.006204874950059049
0.006204202636042181
0.006203598788042436
0.00620306385315612
0.006202598280388395
0.006202202546823557
0.006201877180383498
0.006201622779591067
0.006201440030680732
0.006201329722331703
0.006201292758220169
0.0062013301675231305
0.006201443113434466
0.0062016328996807426
0.006201900974953808
0.006202248935087741
0.006202678522735969
0.006203191624208111
0.006203790263040238
0.006204476589778746
0.0062052528673666296
0.006206121451453884
0.006207084764870218
0.006208145265500942
0.006209305406797998
0.006210567590263343
0.006211934109428954
0.0062134070851546635
0.00621498839253054
0.006216679580311642
0.006218481784601848
0.006220395639511294
0.006222421188584889
0.006224557801938451
0.006226804105016627
0.006229157925581837
0.006231616265672144
0.006234175304650801
0.0062368304379753995
0.006239576353873545
0.006242407146980574
0.006245316464443033
0.006248297676625915
0.006251344061888202
0.006254448993432546
0.00625760611619034
0.006260809503052556
0.006264053782086124
0.006267334229160942
0.006270646823026627
0.006273988261785495
0.006277355940556223
0.006280747889677238
0.006284162671002319
0.006287599226578351
0.00629105666925636
0.006294533998345383
0.006298029715159308
0.006301541303174869
0.006305064525880669
0.006308592483854264
0.006312114364872709
0.006315613824737549
0.0063190669657039586
0.006322439954314704
0.006325686463550189
0.0063287453427403675
0.006331539167653899
0.006333974456961627
0.0063359441068788665
0.006337331769041593
0.006338016605744114
0.006337875848380655
0.006336782911046603
0.0063346008443255835
0.006331173719752566
0.006326320653603781
0.006319838094143783
0.006311517195690698
0.006301189506214775
0.006288829953065942
0.0062747371376880995
0.00625966834610509
0.006244615048638702
0.006230259042144617
0.00621677211564113
0.0062041022793209045
0.006192222293970787
0.006181182745028435
0.006171094143430301
0.0061620925739134256
0.0061542973307718235
0.0061477707409902166
0.006142494595439597
0.006138371965194415
0.0061352506922457434
0.006132956289381685
0.00613132317151606
0.006130219879535293
0.006129569153554227
0.006129363617487457
0.006129671404929534
0.006130614499100215
0.006132298655515884
0.0061347139709692425
0.0061377203301020665
0.006141235830169035
0.006145487367475074
0.006150948404941841
0.006157972657201519
0.006166773438756628
0.0061780362682096685
0.0061944810813628105
0.006225319137657706
0.006275414829924245
0.006287723827123461
0.006345501410059881
0.006354180154062665
0.006409409631407459
0.00640839303490185
0.006381234683414312
0.006385987976453249
0.006391829510780161
0.007038357534517995
0.00808645072754443
0.00817618296419062
0.007822940385634967
0.0070169337849831145
0.0068092385466620884
0.00783399415572659
0.007880040978392816
0.007936588638906401
0.007965038419338261
0.00798261125479724
0.007982212847773089
0.007958601293911205
0.007989736590745552
0.007955310489466915
0.008107041840498729
0.007903187690101414
0.00926128422090656
0.00837720665072608
0.008004066277450867
0.008015638232451695
0.007987387364808491
0.00800764483057309
0.008012553776540329
0.00801534572145236
0.008022053127945232
0.00802680934905808
0.008032672870992836
0.008037378860783059
0.008039941608776663
0.008038146198164831
0.008028335651819709
0.008012049499750068
0.009246883517630644
0.008218308484617052
0.008085231631769935
0.009278210798231013
0.009775555126083546
0.008004960685820236
0.00948753355308685
0.006653782279194525
0.008014806058049087
0.009535129564736792
0.008178503433885447
0.008026347955784578
0.006837045186826891
0.006920616298996883
0.007688035011248564
0.00938552949224167
0.006299624310991239
0.006995290590770539
0.0064178573159632815
0.006242589786065764
0.006516483844764378
0.006299015199107551
0.007102174946519254
0.007238774283158886
0.008100287156476567
0.006427682331032589
0.008485242261944508
0.005615183199831506
0.008563953135081827
0.0062762240251561735
0.0070550903486274455
0.006514581119811918
0.005967770985467091
0.006518065114078151
0.006201496872452339
0.0062330724486837664
0.007054796973622286
0.006318274653049784
0.006242964359690412
0.007061446969278673
0.007057240852096622
0.007087865384352365
0.006225969399850397
0.006286086481870271
0.006286239625453849
0.006285695335449781
0.006284455927308284
0.0062825077416119885
0.0062798267894169976
0.006276368082928442
0.0062720598005662955
0.0062667991782526045
0.006260435750721232
0.0062527077154145615
0.006243043386428431
0.006229963032340179
0.006209226518333126
0.006171916448058344
0.006165169420614642
0.006163728511835922
0.006147545554177473
0.0062287692174065245
0.006941143356914606
0.006225155540314551
0.006273150524139234
0.0066778758389114245
0.006246065631067601
0.006269739235715843
0.00654580496597533
0.00627031230981774
0.005583303263554786
0.006276048165111408
0.005540877703237759
0.006258589013962071
0.005497153281465456
0.006697933087139127
0.008219794799987789
0.008304389818277502
0.00543945792986983
0.005397698449477286
0.005398706326565447
0.00540028181590169
0.005402466895838097
0.005405212865225745
0.005408465076016249
0.005412168204143447
0.005416274045841181
0.005420748176743099
0.005425572657164039
0.00543074282185762
0.005436254842647088
0.0054420756103402265
0.0054480789168844905
0.0054539424829568375
0.00545912086064285
0.005463237639407418
0.0054666018130077355
0.005469557915989865
0.0054721674551724536
0.005474607504520359
0.0054767790659541234
0.005479009181392397
0.005480680192042158
0.005483411629247614
0.005482818427805256
0.005492130035738739
0.0054692117546236065
0.0055533958444998685
0.005449936819406121
0.005557622792683053
0.005454622689892294
0.0055586172261838825
0.005446268643712235
0.005611790047908223
0.006810289361720421
0.0055970021903268205
0.005588010677038472
0.006394490108579674
0.006071526812775848
0.0054749883100417025
0.005628371701174803
0.005588690661255595
0.005391177746475423
0.005538098552100533
0.005472080160960361
0.005560282196418217
0.0053931935133866024
0.005483198384955675
0.005534273402824803
0.00553707072700597
0.005489333205146798
0.005575198777404714
0.005381136076887599
0.0054250466685896335
0.005408846718261714
0.005403246493133782
0.005398701051725622
0.005395470029813149
0.005393346715396588
0.005392564494526406
0.00539378036875544
0.005398434430305972
0.005408491058357803
0.0054227326841641416
0.005435779084689639
0.0054470379604298095
0.005451841254543658
0.005456161624226841
0.005457074004407065
0.005468592648551382
0.005424107623651479
0.005611013357555551
0.005397639767004671
0.0054175697656471495
0.005378262979036141
0.00658961923309965
0.005473058021705184
0.00672404722852305
0.005435458434438468
0.006301628760311969
0.006301388395577751
0.00630331239828122
0.006301863664635871
0.00629884323461037
0.0053891439745284795
0.006299927929941656
0.005413359928667231
0.007085592079382412
0.00630225246400149
0.007289157421595426
0.007951827803514678
0.008403174821075329
0.00730874662244423
0.007054863909089926
0.0054457212881619255
0.0054668724968724445
0.0070395522528956195
0.00835887716643113
0.009285830800905568
0.00702541836704964
0.006984170534001671
0.006171151410209911
0.006172056167040232
0.0061718946349487895
0.006172487819880653
0.006172378553596359
0.006172843918195614
0.006172772883346284
0.006173135647466987
0.006173125728708398
0.006173370699799916
0.006173427951788022
0.006173558653656498
0.006173632141859359
0.0061736767633720074
0.006173678971461278
0.006173604057543842
0.006173400256098822
0.006172939677262868
0.0061718734832253
0.006168800455666698
0.006129093526070587
0.007086740620517168
0.005447294064737827
0.005946972265415056
0.005525148310366218
0.006045468264565861
0.008251077398826594
0.007650243860878705
0.006257043471759363
0.007042304465678263
0.005600205722934572
0.007294324061285436
0.006175112900457538
0.007156960721662889
0.0060590197021328646
0.007146994864018174
0.006668764379769698
0.006909742213408713
0.006131101879601497
0.006019635771184512
0.005576514238105316
0.005964983725921845
0.007078148019234044
0.007179676246187118
0.007349146243946097
0.00721628561382182
0.0061377896635510885
0.006151792050673192
0.00822253991449351
0.008256673615022513
0.007143913059521406
0.007883771167674511
0.005428897079523243
0.006919436938708255
0.006188957671717478
0.006145692041045556
0.005376753046121187
0.007024198260361302
0.006179811715122817
0.00582272893034906
0.006264152293805889
0.006276117113576806
0.00703198749689226
0.006135543931540472
0.006863868074713239
0.0060775212178357345
0.007053757536459178
0.00532947115295146
0.006216073709833722
0.006402355132896219
0.007287498046164801
0.0063999042951663745
0.00561150493984114
0.007816607463683626
0.006745596893692772
0.007886305644604083
0.007903086339700018
0.00716687852028536
0.0067566351536473565
0.005300015998411172
0.007280338599858929
0.007237170092543369
0.008058111029330812
0.00535882417127526
0.0073532699390405935
0.006185853505557562
0.0063706368007041495
0.008045278106083608
0.00776406624237763
0.007994238551267472
0.006970685572423674
0.0070253278135405895
0.006968071724861147
0.007947605143719502
0.0070022520815344914
0.007730373252230836
0.0077109952937854335
0.006207063227881211
0.007328368157393611
0.00770809249180266
0.0068299102403690795
0.006927029485645583
0.006886179887352797
0.007595398889138699
0.007032475577804847
0.006963853968856343
0.006891967081765502
0.007532617016472718
0.007672754031322567
0.006879148694103357
0.0076208035094354675
0.006896314265712503
0.007646705228363242
0.007775696732522156
0.0069791643975396535
0.007914314018242186
0.0069590918029034604
0.007769984779285174
0.007715700393900825
0.006973769433410571
0.006841165983840078
0.0069816209592598105
0.006915234640142466
0.006984588761575323
0.006945300012918594
0.006979571055617139
0.0069611613633180055
0.006975798767031039
0.006971492499768402
0.006975648792396924
0.0069761919048761225
0.006977512661812861
0.006978296993385662
0.006978881739268944
0.006979211264791886
0.006979306627089816
0.006979172796192488
0.006978813224745864
0.006978227387666322
0.006977410915499749
0.006976355498154429
0.006975048843885665
0.0069734746594514304
0.006971612704462398
0.006969439030136352
0.006966926597451959
0.0069640465857059635
0.0069607708404861995
0.0069570760092401655
0.006952949797247587
0.006948399086316447
0.006943457921046299
0.0069381905855378624
0.006932682945839952
0.0069270178981602005
0.0069212397533192395
0.006915318999454607
0.006909119168862849
0.0069023412935677675
0.0068943818672920956
0.00688389959588819
0.006866259035259735
0.006847826967733708
0.006871935935591702
0.0068551426943358465
0.006858681835440612
0.006858309338152777
0.006862694549083904
0.006874845477779617
0.00683404208647422
0.006873580304949245
0.006820506494500909
0.006837928794357687
0.006820907653027493
0.006832692539261153
0.006763146325571287
0.0066629312518703115
0.006685230202812749
0.006643433482924612
0.006690849413982349
0.006598107950354344
0.006657702202978642
0.006619987593737411
0.006638679042950728
0.006596870984434339
0.007851683735918921
0.006596341504590631
0.007772509696176824
0.007782564264599067
0.0077707219545836035
0.007770144353207634
0.007760975210259199
0.0077622976056753255
0.0077999368981749185
0.00808884330755443
0.007765815721112288
0.00800811073817912
0.007932544956972183
0.007837548280684468
0.007909041631079344
0.008098705766177083
0.008170080383992237
0.009506772659123343
0.009616682082720015
0.007187754447739341
0.009545818082691594
0.007266598859851564
0.00955457954235338
0.007056519684751452
0.00797495119473974
0.009569639012790149
0.005359068174113812
0.008102203559766007
0.0060790578653733985
0.009506262269953686
0.009262001703344737
0.006950336166413097
0.009556521902147725
0.007359459991337637
0.00955830275743039
0.009587656683457653
0.009589277050054495
0.009605651466748208
0.008045966852104645
0.007788997589811341
0.009498922008186899
0.007844282818383872
0.009290703377162392
0.007312925585275339
0.00794083523995248
0.007871812167916862
0.007883376563770375
0.007858355133473542
0.007707832962534899
0.007779122137300033
0.007563268570371584
0.007560634047331138
0.007671901531261346
0.007651966885271141
0.007637968125093746
0.007619435611043411
0.007561539715706818
0.008789494107380254
0.007707549663173806
0.008913769705391254
0.007212108027447136
0.008890021063960788
0.007160396577709177
0.008909085025328028
0.006117805548215143
0.0075693762104910465
0.007833177232122427
0.007779577324118938
0.009118156152715011
0.006884010168043043
0.008037114725046054
0.009267025015152726
0.005494831686430286
0.009497469090093325
0.007846265887491427
0.007967106851264985
0.00809813406242704
0.007633134290465127
0.00783595993538554
0.007810925242651846
0.00804575793315482
0.007845990692137494
0.0077367177992028495
0.00791819648426605
0.00781976917902997
0.007789178426808567
0.007636864624817736
0.007778175738771769
0.00763781096171274
0.007753726648197965
0.007716738574608032
0.0076850360959707315
0.007657814652789821
0.007662919057480469
0.007656870648980682
0.007669393403433033
0.007670870591312875
0.007676500704618994
0.007701091538134096
0.007719001601409202
0.007803534746614525
0.007680047940105203
0.006533819408000958
0.006371382369536852
0.006483787525319608
0.006462596045987836
0.006464861350157022
0.006474946335553506
0.008246798532226316
0.005847824047907065
0.008731425865418743
0.007459547205512906
0.007839488960687006
0.006482921970519917
0.006781598093047846
0.007346708682280761
0.0064788863128169534
0.007416729231480627
0.006486070782125547
0.007431831343362781
0.006479157886618482
0.007425366654348473
0.006479569025897195
0.007434109829262155
0.00647984937641785
0.007434210476548022
0.007927928889196986
0.00611352427198657
0.006482352707819642
0.007398900761285422
0.0077851108206524414
0.006272196360000846
0.006121470202495184
0.007372814838297792
0.0063266270842997855
0.0064831261353973805
0.007116464077515235
0.007291848387786351
0.007769549664139147
0.007446410390856146
0.007148576807205222
0.007448808414683629
0.007407103490679459
0.0074430390488143755
0.0074621033483307005
0.007462230740195089
0.007462080122081692
0.007462858865898741
0.007462540070450919
0.007462931912042937
0.007463572485963452
0.007464218936266118
0.0074629106987686615
0.0074571846546347235
0.007450651335005826
0.00744612415172638
0.007441740031269985
0.007437413127425726
0.007433126076882246
0.007428860336600243
