Ala ma kota, a kot ma Alê
0.059965498737550034
0.012768031186049307
0.020040269309674015
0.01452733645311784
0.01817406892602078
0.017916946839430573
0.012951339309306595
0.01804921800857714
0.015116780991738372
0.016830285852044442
0.017697378167611577
0.015599371988375776
0.015402191139308165
0.012388050222250526
0.01735047751346892
0.014536174146839557
0.015005199143703463
0.014872839704193635
0.015639205383501473
0.013171616997156108
0.015995339248810598
0.013520336295579966
0.01293104651770865
0.012027008192528698
0.013334649723037318
0.01284326081033898
0.013378172725625146
0.01392354364342972
0.015211974585119565
0.015207973430789818
0.013664806618044836
0.01179968013222981
0.01172827199872138
0.01274903834387452
0.015997387122153345
0.01614026953760427
0.015669630242534215
0.015443224360157477
0.015371133732935695
0.01518268196462469
0.016033473746999476
0.016449026901495974
0.016357943866877094
0.014177542256825937
0.015172661142369022
0.011842815027722041
0.011111461438713839
0.0145504635784067
0.01277425586370391
0.012789698537352264
0.013039619031212328
0.01540033211799918
0.014974995040812443
0.013110897329799736
0.014665507533133768
0.014206424043844692
0.014962835478790652
0.015404952768879715
0.0111888411219442
0.011874506537259558
0.010667203489782128
0.012160363576816517
0.011569989737803843
0.011885238514815698
0.008986514748524
0.01153575330026895
0.012091246232396506
0.012263210446414666
0.012560407046990978
0.012899842190379833
0.011232170503204842
0.01232724195236959
0.009029786420565643
0.010835403653202074
0.011974958220709755
0.012306189627795767
0.010103177912960346
0.008267250617096197
0.010979451514773178
0.009150417621863575
0.010305768896004187
0.007624324707673455
0.009558931127340978
0.008916282081005346
0.008972365470902553
0.009799181965453155
0.009284567717471057
0.009851838390768256
0.010376146031996988
0.008572499703746565
0.010691258884686394
0.008461814484901497
0.00801773571109773
0.008769061516483115
0.010141017945859622
0.00842371039164625
0.012439836237651478
0.007386085089401195
0.007328392039928087
0.008357580681545851
0.008784593989358108
0.009403803744227663
0.011065823311968698
0.00781825741119203
0.008177933217667908
0.009652433364495895
0.008876133351513103
0.010307607404612534
0.011546970798667061
0.00592504974591976
0.007124534553237969
0.007118783539331271
0.007111309630528705
0.0070991588132309534
0.0070853382996120375
0.007079931705801352
0.007083933897360007
0.007088109813200957
0.007078159481446838
0.007588964717747999
0.007522723508653316
0.008002620819872172
0.00991628730554242
0.010860751390265757
0.008959315341271139
0.009067422512205197
0.009108949876877402
0.010042664069283724
0.008463876822103858
0.008471005887876066
0.008405876548375357
0.008217957606970836
0.009017700239813282
0.006879386310415784
0.008222855281862486
0.009075033018703917
0.008523845942179382
0.009149227247415074
0.008421500336461343
0.009639041833807985
0.008372228115837255
0.007553431828707683
0.00891625373141227
0.008398380767628246
0.007955216810345757
0.008740550488312425
0.008584174533387142
0.008707758449136934
0.007730558707963875
0.008904837724336784
0.00899529244532598
0.009059105152455579
0.00663349008947144
0.008964005492933145
0.006310414824811169
0.00902760542387738
0.006401285421839651
0.00734591057489909
0.009483931732544318
0.00909798963650638
0.009455963298819755
0.009488682930403515
0.009487670724792277
0.009482225968514559
0.009422010030355149
0.007766910443427858
0.008728177659479289
0.007655990915768879
0.009344136800530015
0.007603853911120294
0.009247386630104729
0.008825608513191707
0.008857496492124134
0.008856901479542113
0.008837128806919888
0.008804942048997916
0.008799001779830697
0.008810390140209508
0.008815791183989967
0.0088316591245456
0.00883856705037227
0.008810565352488602
0.007620322271044086
0.008841644372586438
0.00827848428094396
0.00787671090781554
0.006394534615755955
0.0060798851422900054
0.007964086366422247
0.007511542358213439
0.00766147211693575
0.008595340608332346
0.0083488258641218
0.009020046886814037
0.008344973389375811
0.008837518969746582
0.006301182706512221
0.00876430761231534
0.008019027725402184
0.006921966797254863
0.008968468738719043
0.006868594697642671
0.006116660105135152
0.006931764340097462
0.007168078875807003
0.008411110957153573
0.008347372087442316
0.009246242455565297
0.008985442956738428
0.009343761373766878
0.007894835874869282
0.007610068534912098
0.006720583866615539
0.009571584468026313
0.008063083663713742
0.007907326753865402
0.007924676675764618
0.006778313935476038
0.006780234826636979
0.006478121489747388
0.008061292160490638
0.008470101874485682
0.010707676953394328
0.008960464026407431
0.00894677084073981
0.008897876496836526
0.00885588512461248
0.009468635293356049
0.007215304939087207
0.006625260107626239
0.006716931080447407
0.006688457619188371
0.006285753242191147
0.006773022782741586
0.007907711265996651
0.006787757345845311
0.006835471892742887
0.010285844088619453
0.008111335568848622
0.007642065406446246
0.0069933057895994995
0.006307804430920074
0.00850997760366833
0.008041355357370666
0.007586273594772714
0.007189394668155768
0.006815283546403906
0.009573719928537026
0.00805906331299051
0.005849544969807065
0.009119916480776235
0.008660773490199208
0.007115785093585565
0.006954788702395444
0.005854769561444822
0.00793594493339592
0.009915142376930934
0.005750115320970992
0.005917201607145651
0.005878625870018443
0.005847146026220574
0.005818552004683425
0.005797703340459767
0.005780858955004389
0.005766640822228447
0.005754510263911627
0.005744370911943396
0.005736245382163404
0.005730051112483854
0.0057255848558436465
0.005722620769273081
0.005720935084167176
0.005720280715884254
0.005720396726333966
0.005721050213206634
0.00572206438187093
0.005723316382458763
0.005724720451236123
0.005726212316334003
0.005727739999828965
0.005729260012215943
0.00573073654558835
0.005732141674616167
0.00573345539302316
0.005734665070516301
0.005735764407636222
0.005736752158265982
0.005737630871827595
0.005738405804405699
0.005739084047742574
0.0057396738619508855
0.005740184171875565
0.005740624185329318
0.005741003100655288
0.005741329882253719
0.005741613091396797
0.005741860764665831
0.005742080334295734
0.005742278584845405
0.005742461640091844
0.005742634973646485
0.005742803436869151
0.005742971298227138
0.005743142289182053
0.005743319652772285
0.005743506192130668
0.005743704317118971
0.005743916088005741
0.005744143255677333
0.005744387298243907
0.0057446494541474645
0.005744930752005232
0.0057452320374842105
0.005745553997514725
0.00574589718213446
0.005746262024226563
0.005746648857381265
0.005747057932076464
0.005747489430341128
0.005747943479039446
0.005748420161888059
0.005748919530303126
0.005749441613152219
0.00574998642547542
0.005750553976225513
0.0057511442750636885
0.005751757338235112
0.005752393193537467
0.005753051884379187
0.005753733472910905
0.005754438042197487
0.0057551656973802165
0.005755916565762025
0.005756690795725569
0.005757488554378666
0.005758310023799299
0.00575915539573697
0.005760024864613397
0.0057609186186581484
0.005761836829022329
0.0057627796367243885
0.005763747137332179
0.005764739363341851
0.005765756264321795
0.005766797685032375
0.005767863341921658
0.005768952798640483
0.0057700654415145415
0.005771200456230942
0.005772356807346026
0.005773533222529518
0.005774728183703487
0.00577593992732109
0.005777166455912717
0.005778405562624307
0.005779654869762276
0.005780911881360468
0.005782174048561533
0.005783438845332555
0.005784703850880104
0.00578596683432942
0.0057872258369310375
0.005788479247347175
0.005789725866389472
0.005790964958781589
0.00579219629085186
0.005793420154276069
0.005794637376860528
0.005795849321726161
0.0057970578760426555
0.00579826542961497
0.005799474842104496
0.005800689395370995
0.005801912724184006
0.0058031487140792325
0.00580440134905372
0.00580567448369661
0.005806971503992536
0.005808294828816527
0.00580964519195965
0.005811020637398541
0.005812415168829035
0.005813817036149875
0.005815206741303668
0.005816555024927136
0.005817821343448273
0.0058189535765675515
0.005819889726467371
0.0058205619645734594
0.005820902549421729
0.005820850355535427
0.005820356803033557
0.005819391167718455
0.005817946661423508
0.005816048301681406
0.0058137591944327155
0.005811172602426365
0.005808369436073995
0.005805338795359154
0.005801931017209869
0.005797963043180145
0.005793410393260256
0.0057884052575879
0.005783078988584864
0.005777515954285586
0.005771790735908274
0.005765988300358208
0.005760205841069872
0.005754546322987191
0.005749105826405969
0.005743958239292734
0.005739143287918114
0.005734663115098823
0.00573048845461652
0.0057265712212339875
0.005722859191197478
0.005719310333827108
0.005715907098973701
0.0057126726285199325
0.005709689938330935
0.0057071196492562235
0.00570520214411187
0.005704228420920258
0.005704491661563928
0.005706261555642468
0.005709767684245081
0.005715112807795087
0.005722224973128413
0.005731112321065931
0.005742310131328905
0.005757540747221399
0.005781017223018464
0.005811153955608124
0.005818535438086014
0.0058468514396464956
0.005851813378421904
0.005876065193077528
0.00588626580634234
0.005883433120675712
0.005908407780101547
0.005850263416530025
0.006258313952586898
0.007331361762668974
0.007832929050851744
0.007324454430795682
0.006205908083876255
0.006354833043628427
0.007385282702037913
0.007330277573986709
0.007559163745539588
0.007586897172731007
0.007609865558625204
0.007625956068045013
0.007627093705152103
0.0076140292921536065
0.0076253340533772905
0.007629303206371542
0.007539755086121377
0.008717157359056009
0.007966680009848189
0.007660642435692016
0.007649033591678282
0.007687338364810282
0.007725500313751518
0.0077252088887266035
0.007724638120409194
0.0077250941760979115
0.007724814257729719
0.007725047581625231
0.007725378511730892
0.007726845327186712
0.007730426274469273
0.007736605371545489
0.007751944985813489
0.008749179934087747
0.00790178095214861
0.007793309933405764
0.008777473457240757
0.009207219261209253
0.007618569952492522
0.008886790845212971
0.00624543719003431
0.007638194006542897
0.009014084926657723
0.007678461053266189
0.007791969305594845
0.006346718652598638
0.006522801361741916
0.00698219495226497
0.008775333278288682
0.005948016013093025
0.006484136979952812
0.006005280458124476
0.005674707375827952
0.006064117081970597
0.005773650013857237
0.006659545555896058
0.006644150056294814
0.007757241887116654
0.006017156232103113
0.007819886117910086
0.005160948553072903
0.007875607371728174
0.005929724618750363
0.00659114637441117
0.006093433324028276
0.005422237284520247
0.0060847612369291735
0.005764716268440263
0.005840348598863383
0.006619869452993801
0.005810992084913597
0.005877949847338382
0.006613088828530395
0.006589260169015765
0.00656903849138764
0.005857456403653518
0.005947350502115856
0.005948375279173537
0.005948634881146143
0.005948013991801706
0.005946336853109094
0.005943419982595863
0.005939078768446117
0.005933127795967173
0.005925374864984478
0.005915603266930197
0.005903507761450159
0.005888479470676119
0.005868930828724608
0.005840142237331456
0.0057899368068609755
0.005780228576130312
0.0057781747802616405
0.005750971642870269
0.005869437140788683
0.006345074943886974
0.005829277354469856
0.005939118020620673
0.006234947813618135
0.005878484344298735
0.00593597100890185
0.006102260112513072
0.005937893987432416
0.0051904268144296155
0.005946137955904025
0.005166150988546576
0.005921115183558046
0.005136977940619893
0.006297952372585676
0.007401517936232276
0.007797918634889707
0.0050522110123533285
0.005016191120574914
0.005016121904427932
0.00501682317542047
0.005018229955655172
0.00502029116855254
0.0050229507164048824
0.005026152843038838
0.0050298502502740166
0.005034011313113378
0.005038623104433522
0.005043687269281012
0.00504920338501018
0.005055127859089586
0.00506129100515223
0.005067284405963201
0.005072480745293443
0.005076503425016099
0.00507969973333267
0.005082432514475214
0.005084783236242055
0.005086928194298299
0.005088794572160955
0.005090670251174446
0.005092049609526491
0.005094257304528209
0.005093783024167124
0.00510095982350939
0.005082162435245143
0.005140092705526354
0.005097579543658772
0.00514253258219657
0.005102737954406723
0.005143104929215774
0.0050935728579003265
0.005171850234164683
0.006286793993471712
0.005156477677637459
0.005195851304378285
0.005738259277645229
0.005609991924393989
0.005087317608725316
0.005175141861176256
0.005191981512391814
0.005007030981544166
0.005119224322377136
0.005084810396292526
0.005133754952779157
0.005008540001422951
0.005076725234811657
0.00511664906435161
0.005130441646837182
0.005098825395853967
0.0051432195206944
0.004999977953752665
0.005013384548504344
0.004995909800999774
0.004990016157696976
0.004985348655921031
0.004982191064163056
0.004980375713478235
0.004980233644005337
0.004982610101970618
0.004989248016617857
0.005002394261891748
0.005020501785787463
0.005037162906282907
0.005051414630739178
0.005057292520563118
0.0050623826030231495
0.0050634465639954815
0.0050757183375582235
0.005022570577965654
0.005171663377527292
0.005030887277470678
0.0048616509737110306
0.004995384284902364
0.006094128047105552
0.005085694448798353
0.006252798843384923
0.005049480443753793
0.005910278290490618
0.005910057350329362
0.005909099750789752
0.0059103957198156
0.005883238567676424
0.004978584911445221
0.005837385929329301
0.005027181760398984
0.006611445954460362
0.005908933803429725
0.006732560643928859
0.00726021524009533
0.007989455357422218
0.006739940396830325
0.006731559646746696
0.004866612287941803
0.0050802660835477555
0.006729556632465508
0.007719821168381705
0.008556612673255934
0.006426794571152252
0.006600712281915245
0.005891995079406519
0.005898591332431635
0.005897386639065263
0.0059019855713401525
0.005901113865452588
0.005904698493916436
0.005904076216810695
0.005906804610749799
0.00590658892973032
0.005908417422125939
0.005908668852955956
0.005909693193910978
0.0059101702687564765
0.005910671634459124
0.005910961689987589
0.0059109964334682396
0.005910588889427966
0.0059092595488125415
0.0059054273605951705
0.00589103223551825
0.0057503855952577305
0.006667426054972767
0.005040328527935816
0.00555114462112696
0.0051203157711898215
0.0055668631568213806
0.0076106371272532305
0.007253732071593467
0.0054810818571978
0.006646930122458349
0.0051600207126874815
0.006875713333930649
0.005916226164936463
0.0066455455246620925
0.005578270893712473
0.006649577157180382
0.006257148560204862
0.006483693000943653
0.005714890132794113
0.005541509771632455
0.005143171074346863
0.005557118179055936
0.006635401460497281
0.006660804992976853
0.0069035552093338936
0.006581782024392445
0.0056100052731131505
0.005639278784913145
0.007755396337687172
0.00787350018518112
0.0066470490764767584
0.007566012365776315
0.005079904823216958
0.0065473956604502614
0.005937047282325169
0.0057619212977472085
0.004991147539466802
0.006717113202457138
0.005922796790705151
0.0052962423145972975
0.005859948708447884
0.005757410509737324
0.006736138112887927
0.0057825965474134055
0.006438034258719352
0.005492696661179182
0.0067248883163426205
0.004967601313337068
0.005787226014623263
0.0059398922137700195
0.006750479545404747
0.005937763084086995
0.0051603006157786195
0.007457893924347797
0.006362722053730243
0.00756107016574025
0.007552567792757984
0.006545385993933841
0.006282708776311937
0.004915748394850645
0.006721240111998814
0.0066856929684884995
0.007802373139304102
0.005008507804117708
0.0069574422633548495
0.005824168710214119
0.0059286872803010135
0.00754251805737106
0.00712794459079177
0.007467186055614338
0.006585145017251251
0.006705895113899759
0.006403827518361876
0.007543420303409352
0.006479070384593752
0.00721740051089992
0.007197175666360307
0.005690506023146543
0.006943066462369927
0.007162598068828173
0.006417678881542288
0.006590407618987929
0.006504232607142291
0.006978775893292388
0.006658530741166234
0.00665005328726994
0.006512424070388725
0.007196399898760413
0.007182994529542986
0.006324873300781832
0.007232715841478296
0.006500133901832848
0.007223312701986249
0.007252989057697216
0.006680278631066759
0.007466190257174471
0.006631851433617788
0.00733004828222081
0.007213132240205828
0.006672880081069324
0.006413728697295219
0.006684988001082175
0.006580576145639829
0.0066833754131266744
0.006615084384731987
0.006666683041360656
0.006635713534125873
0.006658853427264503
0.006651440413906174
0.006658714150261519
0.006659844341994695
0.0066625131115133915
0.00666429293335903
0.006665808463838543
0.006666942974560513
0.00666773727826647
0.006668204800334469
0.006668361116471111
0.006668218228043345
0.006667784563567942
0.006667064601624574
0.006666058740489907
0.006664763268703146
0.006663170444813165
0.006661268750391077
0.0066590434583004305
0.006656477751256249
0.006653554721301282
0.006650260618893788
0.006646589545465623
0.006642549102887013
0.006638164991497085
0.006633480308590659
0.006628543875300648
0.006623384203276681
0.006617971784869765
0.006612173085786269
0.006605679370568066
0.006597833103171487
0.006587073256173628
0.006568672584819392
0.006522902297573346
0.00644832274291827
0.006535679556577403
0.006351190502560272
0.006399572809949164
0.006384626667816255
0.006277073230587112
0.006283842954616479
0.006279629674761231
0.006285183383164011
0.006292242687180983
0.006274458419946321
0.006294502288461592
0.0063052821350577165
0.006252885469479995
0.00623259353849786
0.006247155544082538
0.006238465830029892
0.00624844043514109
0.006239133195871526
0.006262435874290773
0.006229324596219285
0.006239982381184373
0.006244569675287436
0.007320790634773205
0.006243973813909013
0.007390620184498453
0.007417402654853542
0.00742077525130264
0.007421767926229381
0.007419259375137708
0.007418222482494554
0.007397284531274465
0.007580098101457821
0.0074185301578293325
0.007582860036792164
0.007435974966874371
0.007342191617660442
0.007360808169475846
0.007595175643658327
0.007678903116121926
0.00901434063594495
0.009151551121070618
0.0068342958399459025
0.009071908588970917
0.006721423670712993
0.009072253705676953
0.006473106214970602
0.007487055641442559
0.009101464898376474
0.004975368721542064
0.007610168840063008
0.005550117806293934
0.009022617132710046
0.008659405140662518
0.0066698496825123394
0.00909086505867112
0.007000288311485109
0.009093477925242894
0.00906488274976303
0.00911404295180876
0.009095408929729728
0.007534099670051379
0.007336546901939055
0.009015451647552805
0.007373208531431772
0.0087619981347914
0.006732504900020368
0.007448302606360342
0.007367057507415579
0.007392473860713373
0.00738000084311473
0.007281523533884623
0.007335988153631818
0.0071682922720359326
0.007172613584957116
0.00725632751574419
0.007245432288623998
0.007235007142032645
0.007220773663276425
0.007174103237103869
0.008472859695499671
0.007101080249509885
0.008525195442701989
0.006873158405321443
0.008560930784905562
0.006907829907267121
0.008556502559184864
0.005547818361336412
0.007182591272298149
0.007393804096102311
0.0073388974140655636
0.008480357372823431
0.006449623404292178
0.007582012233711467
0.008720623611939277
0.004826714495475807
0.009018866493263169
0.007384130921381245
0.007592241289349275
0.007655710675496157
0.007209907847736131
0.007311426630604206
0.007294307690411294
0.007596663222222342
0.007326269693244261
0.007336067171523159
0.007576896755259518
0.007284810164134745
0.007349442014679909
0.0072302517485075615
0.007342043186566497
0.007235935207337145
0.007339910182676426
0.007341863299969514
0.007363554308681751
0.00731758212433097
0.0073325207152065185
0.007297732625192597
0.007340545563233439
0.007275634453013883
0.007221950466733823
0.007199099724158929
0.007235111159576895
0.007472159930764802
0.007277851488651826
0.0062562767088808185
0.005792568822767968
0.006241804975855966
0.006189817323891544
0.006189219678407936
0.006191589205088193
0.007842470389538059
0.0052759116194077945
0.008242950926779189
0.0069251266234678695
0.007485563255645741
0.0062517473197149925
0.006197133984509905
0.00694901748372185
0.006233541058185396
0.007082314418819454
0.00622110035761783
0.007116596834197175
0.006232395035722334
0.007122455362233993
0.006241909517113206
0.007134576581432737
0.006212658614497119
0.007137975422843903
0.007444904645118122
0.005787017625034609
0.006215497332675579
0.007111077940347231
0.007136154210742472
0.005570340702659911
0.005462803825274312
0.007016272441602685
0.005868803492461922
0.006208656902900772
0.006749288025949002
0.006945758602702347
0.007259430833850461
0.007147697554101695
0.006495590015356789
0.007143973379859625
0.007080744300809995
0.007129738875272835
0.0071638744639240404
0.007161110029316767
0.007168255705124479
0.007166328991149411
0.007171586114019594
0.007172374661396335
0.007175478032019255
0.007178499774669989
0.007179994957835106
0.007177561601337158
0.007173509922597752
0.007170396623087817
0.007167200744138026
0.007163883605034643
0.007160436216100786
0.007156838464052768
